[Solver]
dt = 1e-06
xdis = 50.0
xcem = -100.0
xcemf = 1000.0
length = 500.0
eps = 0.01
Th = 100.0
tmax = 12
outt = 1
outx = 3
N = 200

[Scenario]
mua = 100.09
rhoa = 2.95
rhoc = 2.71
rhot = 2.8
rhow = 1.023
D0ca = 131.9
D0co3 = 272.6
Ka = 6.4565e-07
Kc = 4.2658e-07
beta = 0.01
k1 = 0.0
k2 = 0.01
k3 = 0.001
nn = 2.8
m = 2.48
S = 0.01
cAthy = 0.1
phiinf = 0.01
phi0 = 0.7
ca0 = 0.00065313
co30 = 0.00065313
ccal0 = 0.3
cara0 = 0.6

